138.37 488.25 55.13 51.75
195.75 488.25 55.13 51.75
253.12 488.25 118.13 51.75
373.5 488.25 55.13 51.75
430.87 488.25 118.13 51.75
551.25 488.25 83.25 51.75
693 488.25 32.63 51.75
727.87 488.25 83.25 51.75
813.37 488.25 55.13 51.75
870.75 488.25 32.63 51.75
905.62 488.25 83.25 51.75
991.13 488.25 83.25 51.75
1076.63 445.5 75.38 94.5
253.12 407.25 32.63 51.75
288 407.25 83.25 51.75
430.87 407.25 32.63 51.75
465.75 407.25 83.25 51.75
693 407.25 32.63 51.75
727.87 407.25 83.25 51.75
870.75 407.25 32.63 51.75
905.62 407.25 83.25 51.75
527.62 257.63 51.75 83.25
608.62 257.63 51.75 83.25
608.62 200.25 51.75 55.13
527.62 114.75 51.75 83.25
608.62 114.75 68.63 83.25
608.62 57.38 51.75 55.13
608.62 0 51.75 55.13